faces = [
0	1	2	3
4	5	1	0
6	7	5	4
8	9	7	6
10	11	9	8
12	13	11	10
14	15	13	12
16	17	15	14
18	19	17	16
20	21	19	18
22	23	21	20
24	25	23	22
26	27	25	24
28	29	27	26
30	31	29	28
32	33	31	30
34	35	33	32
36	37	35	34
38	39	37	36
40	41	39	38
42	43	41	40
44	45	43	42
46	47	45	44
48	49	47	46
50	51	49	48
0	3	52	53
4	0	53	54
6	4	54	55
8	6	55	56
10	8	56	57
12	10	57	58
14	12	58	59
16	14	59	60
18	16	60	61
20	18	61	62
22	20	62	63
24	22	63	64
26	24	64	65
28	26	65	66
30	28	66	67
32	30	67	68
34	32	68	69
36	34	69	70
38	36	70	71
40	38	71	72
42	40	72	73
44	42	73	74
46	44	74	75
48	46	75	76
50	48	76	77
53	52	78	79
54	53	79	80
55	54	80	81
56	55	81	82
57	56	82	83
58	57	83	84
59	58	84	85
60	59	85	86
61	60	86	87
62	61	87	88
63	62	88	89
64	63	89	90
65	64	90	91
66	65	91	92
67	66	92	93
68	67	93	94
69	68	94	95
70	69	95	96
71	70	96	97
72	71	97	98
73	72	98	99
74	73	99	100
75	74	100	101
76	75	101	102
77	76	102	103
79	78	104	105
80	79	105	106
81	80	106	107
82	81	107	108
83	82	108	109
84	83	109	110
85	84	110	111
86	85	111	112
87	86	112	113
88	87	113	114
89	88	114	115
90	89	115	116
91	90	116	117
92	91	117	118
93	92	118	119
94	93	119	120
95	94	120	121
96	95	121	122
97	96	122	123
98	97	123	124
99	98	124	125
100	99	125	126
101	100	126	127
102	101	127	128
103	102	128	129
105	104	130	131
106	105	131	132
107	106	132	133
108	107	133	134
109	108	134	135
110	109	135	136
111	110	136	137
112	111	137	138
113	112	138	139
114	113	139	140
115	114	140	141
116	115	141	142
117	116	142	143
118	117	143	144
119	118	144	145
120	119	145	146
121	120	146	147
122	121	147	148
123	122	148	149
124	123	149	150
125	124	150	151
126	125	151	152
127	126	152	153
128	127	153	154
129	128	154	155
131	130	156	157
132	131	157	158
133	132	158	159
134	133	159	160
135	134	160	161
136	135	161	162
137	136	162	163
138	137	163	164
139	138	164	165
140	139	165	166
141	140	166	167
142	141	167	168
143	142	168	169
144	143	169	170
145	144	170	171
146	145	171	172
147	146	172	173
148	147	173	174
149	148	174	175
150	149	175	176
151	150	176	177
152	151	177	178
153	152	178	179
154	153	179	180
155	154	180	181
157	156	182	183
158	157	183	184
159	158	184	185
160	159	185	186
161	160	186	187
162	161	187	188
163	162	188	189
164	163	189	190
165	164	190	191
166	165	191	192
167	166	192	193
168	167	193	194
169	168	194	195
170	169	195	196
171	170	196	197
172	171	197	198
173	172	198	199
174	173	199	200
175	174	200	201
176	175	201	202
177	176	202	203
178	177	203	204
179	178	204	205
180	179	205	206
181	180	206	207
183	182	208	209
184	183	209	210
185	184	210	211
186	185	211	212
187	186	212	213
188	187	213	214
189	188	214	215
190	189	215	216
191	190	216	217
192	191	217	218
193	192	218	219
194	193	219	220
195	194	220	221
196	195	221	222
197	196	222	223
198	197	223	224
199	198	224	225
200	199	225	226
201	200	226	227
202	201	227	228
203	202	228	229
204	203	229	230
205	204	230	231
206	205	231	232
207	206	232	233
209	208	234	235
210	209	235	236
211	210	236	237
212	211	237	238
213	212	238	239
214	213	239	240
215	214	240	241
216	215	241	242
217	216	242	243
218	217	243	244
219	218	244	245
220	219	245	246
221	220	246	247
222	221	247	248
223	222	248	249
224	223	249	250
225	224	250	251
226	225	251	252
227	226	252	253
228	227	253	254
229	228	254	255
230	229	255	256
231	230	256	257
232	231	257	258
233	232	258	259
235	234	260	261
236	235	261	262
237	236	262	263
238	237	263	264
239	238	264	265
240	239	265	266
241	240	266	267
242	241	267	268
243	242	268	269
244	243	269	270
245	244	270	271
246	245	271	272
247	246	272	273
248	247	273	274
249	248	274	275
250	249	275	276
251	250	276	277
252	251	277	278
253	252	278	279
254	253	279	280
255	254	280	281
256	255	281	282
257	256	282	283
258	257	283	284
259	258	284	285
261	260	286	287
262	261	287	288
263	262	288	289
264	263	289	290
265	264	290	291
266	265	291	292
267	266	292	293
268	267	293	294
269	268	294	295
270	269	295	296
271	270	296	297
272	271	297	298
273	272	298	299
274	273	299	300
275	274	300	301
276	275	301	302
277	276	302	303
278	277	303	304
279	278	304	305
280	279	305	306
281	280	306	307
282	281	307	308
283	282	308	309
284	283	309	310
285	284	310	311
287	286	312	313
288	287	313	314
289	288	314	315
290	289	315	316
291	290	316	317
292	291	317	318
293	292	318	319
294	293	319	320
295	294	320	321
296	295	321	322
297	296	322	323
298	297	323	324
299	298	324	325
300	299	325	326
301	300	326	327
302	301	327	328
303	302	328	329
304	303	329	330
305	304	330	331
306	305	331	332
307	306	332	333
308	307	333	334
309	308	334	335
310	309	335	336
311	310	336	337
313	312	338	339
314	313	339	340
315	314	340	341
316	315	341	342
317	316	342	343
318	317	343	344
319	318	344	345
320	319	345	346
321	320	346	347
322	321	347	348
323	322	348	349
324	323	349	350
325	324	350	351
326	325	351	352
327	326	352	353
328	327	353	354
329	328	354	355
330	329	355	356
331	330	356	357
332	331	357	358
333	332	358	359
334	333	359	360
335	334	360	361
336	335	361	362
337	336	362	363
339	338	364	365
340	339	365	366
341	340	366	367
342	341	367	368
343	342	368	369
344	343	369	370
345	344	370	371
346	345	371	372
347	346	372	373
348	347	373	374
349	348	374	375
350	349	375	376
351	350	376	377
352	351	377	378
353	352	378	379
354	353	379	380
355	354	380	381
356	355	381	382
357	356	382	383
358	357	383	384
359	358	384	385
360	359	385	386
361	360	386	387
362	361	387	388
363	362	388	389
365	364	390	391
366	365	391	392
367	366	392	393
368	367	393	394
369	368	394	395
370	369	395	396
371	370	396	397
372	371	397	398
373	372	398	399
374	373	399	400
375	374	400	401
376	375	401	402
377	376	402	403
378	377	403	404
379	378	404	405
380	379	405	406
381	380	406	407
382	381	407	408
383	382	408	409
384	383	409	410
385	384	410	411
386	385	411	412
387	386	412	413
388	387	413	414
389	388	414	415
391	390	416	417
392	391	417	418
393	392	418	419
394	393	419	420
395	394	420	421
396	395	421	422
397	396	422	423
398	397	423	424
399	398	424	425
400	399	425	426
401	400	426	427
402	401	427	428
403	402	428	429
404	403	429	430
405	404	430	431
406	405	431	432
407	406	432	433
408	407	433	434
409	408	434	435
410	409	435	436
411	410	436	437
412	411	437	438
413	412	438	439
414	413	439	440
415	414	440	441
417	416	442	443
418	417	443	444
419	418	444	445
420	419	445	446
421	420	446	447
422	421	447	448
423	422	448	449
424	423	449	450
425	424	450	451
426	425	451	452
427	426	452	453
428	427	453	454
429	428	454	455
430	429	455	456
431	430	456	457
432	431	457	458
433	432	458	459
434	433	459	460
435	434	460	461
436	435	461	462
437	436	462	463
438	437	463	464
439	438	464	465
440	439	465	466
441	440	466	467
443	442	468	469
444	443	469	470
445	444	470	471
446	445	471	472
447	446	472	473
448	447	473	474
449	448	474	475
450	449	475	476
451	450	476	477
452	451	477	478
453	452	478	479
454	453	479	480
455	454	480	481
456	455	481	482
457	456	482	483
458	457	483	484
459	458	484	485
460	459	485	486
461	460	486	487
462	461	487	488
463	462	488	489
464	463	489	490
465	464	490	491
466	465	491	492
467	466	492	493
469	468	494	495
470	469	495	496
471	470	496	497
472	471	497	498
473	472	498	499
474	473	499	500
475	474	500	501
476	475	501	502
477	476	502	503
478	477	503	504
479	478	504	505
480	479	505	506
481	480	506	507
482	481	507	508
483	482	508	509
484	483	509	510
485	484	510	511
486	485	511	512
487	486	512	513
488	487	513	514
489	488	514	515
490	489	515	516
491	490	516	517
492	491	517	518
493	492	518	519
495	494	520	521
496	495	521	522
497	496	522	523
498	497	523	524
499	498	524	525
500	499	525	526
501	500	526	527
502	501	527	528
503	502	528	529
504	503	529	530
505	504	530	531
506	505	531	532
507	506	532	533
508	507	533	534
509	508	534	535
510	509	535	536
