node_P = [
1.20E-02	2.55E-03	-3.99E-02	1.82E+05
0.00E+00	2.55E-03	-3.99E-02	1.91E+05
0.00E+00	3.50E-05	-4.00E-02	1.91E+05
1.20E-02	3.50E-05	-4.00E-02	1.82E+05
1.20E-02	5.05E-03	-3.97E-02	1.82E+05
0.00E+00	5.05E-03	-3.97E-02	1.92E+05
1.20E-02	7.53E-03	-3.93E-02	1.82E+05
0.00E+00	7.53E-03	-3.93E-02	1.92E+05
1.20E-02	9.99E-03	-3.87E-02	1.82E+05
0.00E+00	9.99E-03	-3.87E-02	1.92E+05
1.20E-02	1.24E-02	-3.80E-02	1.83E+05
0.00E+00	1.24E-02	-3.80E-02	1.93E+05
1.20E-02	1.48E-02	-3.72E-02	1.83E+05
0.00E+00	1.48E-02	-3.72E-02	1.93E+05
1.20E-02	1.71E-02	-3.62E-02	1.83E+05
0.00E+00	1.71E-02	-3.62E-02	1.93E+05
1.20E-02	1.93E-02	-3.50E-02	1.83E+05
0.00E+00	1.93E-02	-3.50E-02	1.93E+05
1.20E-02	2.15E-02	-3.38E-02	1.83E+05
0.00E+00	2.15E-02	-3.38E-02	1.94E+05
1.20E-02	2.36E-02	-3.24E-02	1.83E+05
0.00E+00	2.36E-02	-3.24E-02	1.94E+05
1.20E-02	2.55E-02	-3.08E-02	1.84E+05
0.00E+00	2.55E-02	-3.08E-02	1.94E+05
1.20E-02	2.74E-02	-2.91E-02	1.84E+05
0.00E+00	2.74E-02	-2.91E-02	1.94E+05
1.20E-02	2.92E-02	-2.74E-02	1.84E+05
0.00E+00	2.92E-02	-2.74E-02	1.95E+05
1.20E-02	3.09E-02	-2.55E-02	1.84E+05
0.00E+00	3.09E-02	-2.55E-02	1.95E+05
1.20E-02	3.24E-02	-2.35E-02	1.84E+05
0.00E+00	3.24E-02	-2.35E-02	1.95E+05
1.20E-02	3.38E-02	-2.14E-02	1.84E+05
0.00E+00	3.38E-02	-2.14E-02	1.95E+05
1.20E-02	3.51E-02	-1.92E-02	1.84E+05
0.00E+00	3.51E-02	-1.92E-02	1.95E+05
1.20E-02	3.62E-02	-1.70E-02	1.84E+05
0.00E+00	3.62E-02	-1.70E-02	1.95E+05
1.20E-02	3.72E-02	-1.47E-02	1.84E+05
0.00E+00	3.72E-02	-1.47E-02	1.95E+05
1.20E-02	3.81E-02	-1.23E-02	1.84E+05
0.00E+00	3.81E-02	-1.23E-02	1.95E+05
1.20E-02	3.88E-02	-9.92E-03	1.84E+05
0.00E+00	3.88E-02	-9.92E-03	1.95E+05
1.20E-02	3.93E-02	-7.46E-03	1.84E+05
0.00E+00	3.93E-02	-7.46E-03	1.95E+05
1.20E-02	3.97E-02	-4.98E-03	1.83E+05
0.00E+00	3.97E-02	-4.98E-03	1.95E+05
1.20E-02	4.00E-02	-2.48E-03	1.83E+05
0.00E+00	4.00E-02	-2.48E-03	1.95E+05
1.20E-02	4.00E-02	3.51E-05	1.83E+05
0.00E+00	4.00E-02	3.51E-05	1.94E+05
2.40E-02	3.50E-05	-4.00E-02	1.71E+05
2.40E-02	2.55E-03	-3.99E-02	1.72E+05
2.40E-02	5.05E-03	-3.97E-02	1.72E+05
2.40E-02	7.53E-03	-3.93E-02	1.72E+05
2.40E-02	9.99E-03	-3.87E-02	1.72E+05
2.40E-02	1.24E-02	-3.80E-02	1.72E+05
2.40E-02	1.48E-02	-3.72E-02	1.72E+05
2.40E-02	1.71E-02	-3.62E-02	1.72E+05
2.40E-02	1.93E-02	-3.50E-02	1.72E+05
2.40E-02	2.15E-02	-3.38E-02	1.72E+05
2.40E-02	2.36E-02	-3.24E-02	1.72E+05
2.40E-02	2.55E-02	-3.08E-02	1.72E+05
2.40E-02	2.74E-02	-2.91E-02	1.72E+05
2.40E-02	2.92E-02	-2.74E-02	1.72E+05
2.40E-02	3.09E-02	-2.55E-02	1.72E+05
2.40E-02	3.24E-02	-2.35E-02	1.72E+05
2.40E-02	3.38E-02	-2.14E-02	1.72E+05
2.40E-02	3.51E-02	-1.92E-02	1.72E+05
2.40E-02	3.62E-02	-1.70E-02	1.72E+05
2.40E-02	3.72E-02	-1.47E-02	1.72E+05
2.40E-02	3.81E-02	-1.23E-02	1.72E+05
2.40E-02	3.88E-02	-9.92E-03	1.72E+05
2.40E-02	3.93E-02	-7.46E-03	1.72E+05
2.40E-02	3.97E-02	-4.98E-03	1.71E+05
2.40E-02	4.00E-02	-2.48E-03	1.71E+05
2.40E-02	4.00E-02	3.51E-05	1.71E+05
3.60E-02	3.50E-05	-4.00E-02	1.63E+05
3.60E-02	2.55E-03	-3.99E-02	1.63E+05
3.60E-02	5.05E-03	-3.97E-02	1.63E+05
3.60E-02	7.53E-03	-3.93E-02	1.63E+05
3.60E-02	9.99E-03	-3.87E-02	1.63E+05
3.60E-02	1.24E-02	-3.80E-02	1.63E+05
3.60E-02	1.48E-02	-3.72E-02	1.63E+05
3.60E-02	1.71E-02	-3.62E-02	1.63E+05
3.60E-02	1.93E-02	-3.50E-02	1.63E+05
3.60E-02	2.15E-02	-3.38E-02	1.63E+05
3.60E-02	2.36E-02	-3.24E-02	1.63E+05
3.60E-02	2.55E-02	-3.08E-02	1.63E+05
3.60E-02	2.74E-02	-2.91E-02	1.63E+05
3.60E-02	2.92E-02	-2.74E-02	1.63E+05
3.60E-02	3.09E-02	-2.55E-02	1.63E+05
3.60E-02	3.24E-02	-2.35E-02	1.63E+05
3.60E-02	3.38E-02	-2.14E-02	1.63E+05
3.60E-02	3.51E-02	-1.92E-02	1.63E+05
3.60E-02	3.62E-02	-1.70E-02	1.63E+05
3.60E-02	3.72E-02	-1.47E-02	1.62E+05
3.60E-02	3.81E-02	-1.23E-02	1.62E+05
3.60E-02	3.88E-02	-9.92E-03	1.62E+05
3.60E-02	3.93E-02	-7.46E-03	1.62E+05
3.60E-02	3.97E-02	-4.98E-03	1.61E+05
3.60E-02	4.00E-02	-2.48E-03	1.61E+05
3.60E-02	4.00E-02	3.51E-05	1.61E+05
4.80E-02	3.50E-05	-4.00E-02	1.53E+05
4.80E-02	2.55E-03	-3.99E-02	1.53E+05
4.80E-02	5.05E-03	-3.97E-02	1.53E+05
4.80E-02	7.53E-03	-3.93E-02	1.54E+05
4.80E-02	9.99E-03	-3.87E-02	1.54E+05
4.80E-02	1.24E-02	-3.80E-02	1.54E+05
4.80E-02	1.48E-02	-3.72E-02	1.54E+05
4.80E-02	1.71E-02	-3.62E-02	1.54E+05
4.80E-02	1.93E-02	-3.50E-02	1.54E+05
4.80E-02	2.15E-02	-3.38E-02	1.53E+05
4.80E-02	2.36E-02	-3.24E-02	1.53E+05
4.80E-02	2.55E-02	-3.08E-02	1.53E+05
4.80E-02	2.74E-02	-2.91E-02	1.53E+05
4.80E-02	2.92E-02	-2.74E-02	1.53E+05
4.80E-02	3.09E-02	-2.55E-02	1.53E+05
4.80E-02	3.24E-02	-2.35E-02	1.53E+05
4.80E-02	3.38E-02	-2.14E-02	1.52E+05
4.80E-02	3.51E-02	-1.92E-02	1.52E+05
4.80E-02	3.62E-02	-1.70E-02	1.52E+05
4.80E-02	3.72E-02	-1.47E-02	1.52E+05
4.80E-02	3.81E-02	-1.23E-02	1.51E+05
4.80E-02	3.88E-02	-9.92E-03	1.51E+05
4.80E-02	3.93E-02	-7.46E-03	1.51E+05
4.80E-02	3.97E-02	-4.98E-03	1.51E+05
4.80E-02	4.00E-02	-2.48E-03	1.50E+05
4.80E-02	4.00E-02	3.51E-05	1.50E+05
6.00E-02	3.50E-05	-4.00E-02	1.45E+05
6.00E-02	2.55E-03	-3.99E-02	1.45E+05
6.00E-02	5.05E-03	-3.97E-02	1.45E+05
6.00E-02	7.53E-03	-3.93E-02	1.45E+05
6.00E-02	9.99E-03	-3.87E-02	1.45E+05
6.00E-02	1.24E-02	-3.80E-02	1.45E+05
6.00E-02	1.48E-02	-3.72E-02	1.45E+05
6.00E-02	1.71E-02	-3.62E-02	1.45E+05
6.00E-02	1.93E-02	-3.50E-02	1.45E+05
6.00E-02	2.15E-02	-3.38E-02	1.45E+05
6.00E-02	2.36E-02	-3.24E-02	1.44E+05
6.00E-02	2.55E-02	-3.08E-02	1.44E+05
6.00E-02	2.74E-02	-2.91E-02	1.44E+05
6.00E-02	2.92E-02	-2.74E-02	1.44E+05
6.00E-02	3.09E-02	-2.55E-02	1.44E+05
6.00E-02	3.24E-02	-2.35E-02	1.43E+05
6.00E-02	3.38E-02	-2.14E-02	1.43E+05
6.00E-02	3.51E-02	-1.92E-02	1.43E+05
6.00E-02	3.62E-02	-1.70E-02	1.43E+05
6.00E-02	3.72E-02	-1.47E-02	1.42E+05
6.00E-02	3.81E-02	-1.23E-02	1.42E+05
6.00E-02	3.88E-02	-9.92E-03	1.42E+05
6.00E-02	3.93E-02	-7.46E-03	1.41E+05
6.00E-02	3.97E-02	-4.98E-03	1.41E+05
6.00E-02	4.00E-02	-2.48E-03	1.41E+05
6.00E-02	4.00E-02	3.51E-05	1.40E+05
7.20E-02	3.50E-05	-4.00E-02	1.35E+05
7.20E-02	2.55E-03	-3.99E-02	1.35E+05
7.20E-02	5.05E-03	-3.97E-02	1.35E+05
7.20E-02	7.53E-03	-3.93E-02	1.35E+05
7.20E-02	9.99E-03	-3.87E-02	1.35E+05
7.20E-02	1.24E-02	-3.80E-02	1.35E+05
7.20E-02	1.48E-02	-3.72E-02	1.35E+05
7.20E-02	1.71E-02	-3.62E-02	1.35E+05
7.20E-02	1.93E-02	-3.50E-02	1.35E+05
7.20E-02	2.15E-02	-3.38E-02	1.35E+05
7.20E-02	2.36E-02	-3.24E-02	1.35E+05
7.20E-02	2.55E-02	-3.08E-02	1.34E+05
7.20E-02	2.74E-02	-2.91E-02	1.34E+05
7.20E-02	2.92E-02	-2.74E-02	1.34E+05
7.20E-02	3.09E-02	-2.55E-02	1.34E+05
7.20E-02	3.24E-02	-2.35E-02	1.34E+05
7.20E-02	3.38E-02	-2.14E-02	1.33E+05
7.20E-02	3.51E-02	-1.92E-02	1.33E+05
7.20E-02	3.62E-02	-1.70E-02	1.33E+05
7.20E-02	3.72E-02	-1.47E-02	1.32E+05
7.20E-02	3.81E-02	-1.23E-02	1.32E+05
7.20E-02	3.88E-02	-9.92E-03	1.32E+05
7.20E-02	3.93E-02	-7.46E-03	1.31E+05
7.20E-02	3.97E-02	-4.98E-03	1.31E+05
7.20E-02	4.00E-02	-2.48E-03	1.31E+05
7.20E-02	4.00E-02	3.51E-05	1.30E+05
8.40E-02	3.50E-05	-4.00E-02	1.26E+05
8.40E-02	2.55E-03	-3.99E-02	1.26E+05
8.40E-02	5.05E-03	-3.97E-02	1.26E+05
8.40E-02	7.53E-03	-3.93E-02	1.26E+05
8.40E-02	9.99E-03	-3.87E-02	1.26E+05
8.40E-02	1.24E-02	-3.80E-02	1.26E+05
8.40E-02	1.48E-02	-3.72E-02	1.26E+05
8.40E-02	1.71E-02	-3.62E-02	1.26E+05
8.40E-02	1.93E-02	-3.50E-02	1.26E+05
8.40E-02	2.15E-02	-3.38E-02	1.26E+05
8.40E-02	2.36E-02	-3.24E-02	1.26E+05
8.40E-02	2.55E-02	-3.08E-02	1.25E+05
8.40E-02	2.74E-02	-2.91E-02	1.25E+05
8.40E-02	2.92E-02	-2.74E-02	1.25E+05
8.40E-02	3.09E-02	-2.55E-02	1.25E+05
8.40E-02	3.24E-02	-2.35E-02	1.24E+05
8.40E-02	3.38E-02	-2.14E-02	1.24E+05
8.40E-02	3.51E-02	-1.92E-02	1.24E+05
8.40E-02	3.62E-02	-1.70E-02	1.23E+05
8.40E-02	3.72E-02	-1.47E-02	1.23E+05
8.40E-02	3.81E-02	-1.23E-02	1.23E+05
8.40E-02	3.88E-02	-9.92E-03	1.23E+05
8.40E-02	3.93E-02	-7.46E-03	1.22E+05
8.40E-02	3.97E-02	-4.98E-03	1.22E+05
8.40E-02	4.00E-02	-2.48E-03	1.21E+05
8.40E-02	4.00E-02	3.51E-05	1.21E+05
9.60E-02	3.50E-05	-4.00E-02	1.17E+05
9.60E-02	2.55E-03	-3.99E-02	1.17E+05
